id	PND	Forelimb_grasp	Forelimb_placing	Gait	Walk	Surface_T_(s)	NG_turn	NG_top	Auditory_startle	Tactile_startle	Air_righting	Wire	Weight_(g)	Ears_unfolding	Ears_twitch	Gait_b	Walk_b	Eyes_opened_left	Eyes_opened_right	Incisor_eruption
0	1	0	0	60.00	60.00	60.00	60.00	60.00	0	0	0	60.00	0.28	0	0	0	0	0	0	0
1	1	0	0	60.00	60.00	60.00	60.00	60.00	0	0	0	60.00	0.17	0	0	0	0	0	0	0
2	1	0	0	60.00	60.00	60.00	60.00	60.00	0	0	0	60.00	0.26	0	0	0	0	0	0	0
3	1	0	0	60.00	60.00	60.00	60.00	60.00	0	0	0	60.00	0.30	0	0	0	0	0	0	0
4	1	0	0	60.00	60.00	60.00	60.00	60.00	0	0	0	60.00	0.29	0	0	0	0	0	0	0
5	1	0	0	60.00	60.00	60.00	60.00	60.00	0	0	0	60.00	0.30	0	0	0	0	0	0	0
6	1	0	0	60.00	60.00	60.00	60.00	60.00	0	0	0	60.00	0.26	0	0	0	0	0	0	0
7	1	0	0	60.00	60.00	60.00	60.00	60.00	0	0	0	60.00	0.24	0	0	0	0	0	0	0
8	1	0	0	60.00	60.00	60.00	60.00	60.00	0	0	0	60.00	0.17	0	0	0	0	0	0	0
9	1	0	0	60.00	60.00	60.00	60.00	60.00	0	0	0	60.00	0.25	0	0	0	0	0	0	0
10	1	0	0	60.00	60.00	60.00	60.00	60.00	0	0	0	60.00	0.25	0	0	0	0	0	0	0
0	2	0	0	60.00	60.00	60.00	60.00	60.00	0	0	0	60.00	0.28	0	0	0	0	0	0	0
1	2	0	0	60.00	60.00	60.00	60.00	60.00	0	0	0	60.00	0.27	0	0	0	0	0	0	0
2	2	0	0	60.00	60.00	60.00	60.00	60.00	0	0	0	60.00	0.28	0	0	0	0	0	0	0
3	2	0	0	60.00	60.00	60.00	60.00	60.00	0	0	0	60.00	0.31	0	0	0	0	0	0	0
4	2	0	0	60.00	60.00	60.00	60.00	60.00	0	0	0	60.00	0.29	0	0	0	0	0	0	0
5	2	0	0	60.00	60.00	60.00	60.00	60.00	0	0	0	60.00	0.27	0	0	0	0	0	0	0
6	2	0	0	60.00	60.00	60.00	60.00	60.00	0	0	0	60.00	0.26	0	0	0	0	0	0	0
7	2	0	0	60.00	60.00	60.00	60.00	60.00	0	0	0	60.00	0.28	0	0	0	0	0	0	0
8	2	0	0	60.00	60.00	15.00	60.00	60.00	0	0	0	60.00	0.20	0	0	0	0	0	0	0
9	2	0	0	60.00	60.00	60.00	60.00	60.00	0	0	0	60.00	0.30	0	0	0	0	0	0	0
10	2	0	0	60.00	60.00	60.00	60.00	60.00	0	0	0	60.00	0.30	0	0	0	0	0	0	0
0	3	0	1	60.00	60.00	60.00	60.00	60.00	0	0	0	60.00	2.6	1	0	0	0	0	0	0
1	3	0	0	60.00	60.00	60.00	60.00	60.00	0	0	0	60.00	2.33	1	0	0	0	0	0	0
2	3	0	0	60.00	60.00	60.00	60.00	60.00	0	0	0	60.00	2.5	1	0	0	0	0	0	0
3	3	0	0	40.22	42.56	12.93	60.00	60.00	0	0	0	60.00	2.62	1	0	1	1	0	0	0
4	3	0	0	60.00	60.00	02.03	60.00	60.00	0	0	0	60.00	3.1	1	0	0	0	0	0	0
5	3	0	0	60.00	60.00	12.52	60.00	60.00	0	0	0	60.00	2.5	1	0	0	0	0	0	0
6	3	0	1	60.00	60.00	04.97	60.00	60.00	0	0	0	60.00	2.6	1	0	0	0	0	0	0
7	3	0	0	60.00	60.00	09.23	60.00	60.00	0	0	0	60.00	2.38	1	0	0	0	0	0	0
8	3	0	0	60.00	60.00	60.00	60.00	60.00	0	0	0	60.00	2.1	1	0	0	0	0	0	0
9	3	0	0	60.00	60.00	18.00	60.00	60.00	0	0	0	60.00	2.26	1	0	0	0	0	0	0
10	3	0	0	60.00	60.00	60.00	60.00	60.00	0	0	0	60.00	2.27	1	0	0	0	0	0	0
0	4	0	0	60.00	60.00	60.00	60.00	60.00	0	1	0	60.00	3.181	1	0	0	0	0	0	0
1	4	0	1	60.00	60.00	60.00	60.00	60.00	0	0	0	60.00	2.995	1	0	0	0	0	0	0
2	4	0	1	51.13	60.00	60.00	60.00	60.00	0	1	0	60.00	3.236	1	0	1	0	0	0	0
3	4	0	0	60.00	60.00	24.84	60.00	60.00	0	1	0	60.00	3.131	1	0	1	1	0	0	0
4	4	0	0	60.00	60.00	01.13	60.00	60.00	0	0	0	60.00	3.741	1	0	0	0	0	0	0
5	4	0	0	60.00	60.00	14.78	60.00	60.00	0	0	0	60.00	3.088	1	0	0	0	0	0	0
6	4	0	0	60.00	60.00	05.75	60.00	60.00	0	0	0	60.00	3.152	1	0	0	0	0	0	0
7	4	0	0	60.00	60.00	07.84	60.00	60.00	0	0	0	60.00	2.769	1	0	0	0	0	0	0
8	4	0	0	60.00	60.00	24.50	60.00	60.00	0	1	0	60.00	2.441	1	0	0	0	0	0	0
9	4	0	0	60.00	60.00	60.00	60.00	60.00	0	1	0	60.00	2.534	1	0	0	0	0	0	0
10	4	0	0	60.00	60.00	05.97	60.00	60.00	0	0	0	60.00	2.571	1	0	0	0	0	0	0
0	5	0	0	30.61	60.00	02.30	60.00	60.00	0	0	0	60.00	3.674	1	0	1	0	0	0	0
1	5	0	0	60.00	60.00	01.56	60.00	60.00	0	0	0	60.00	3.629	1	0	0	0	0	0	0
2	5	0	0	60.00	60.00	02.44	60.00	60.00	0	0	0	60.00	3.773	1	0	1	0	0	0	0
3	5	0	0	56.05	60.00	01.65	20.1	60.00	0	0	0	60.00	3.518	1	0	1	1	0	0	0
4	5	0	0	60.00	60.00	01.65	60.00	60.00	0	1	0	60.00	4.196	1	0	0	0	0	0	0
5	5	0	0	54.04	60.00	03.97	05.29	60.00	0	0	0	60.00	3.393	1	0	1	0	0	0	0
6	5	0	1	60.00	60.00	04.28	60.00	60.00	0	1	0	60.00	3.676	1	0	0	0	0	0	0
7	5	0	0	60.00	60.00	01.22	08.32	60.00	0	0	0	60.00	3.231	1	0	0	0	0	0	0
8	5	0	0	60.00	60.00	09.91	60.00	60.00	0	0	0	60.00	2.817	1	0	0	0	0	0	0
9	5	0	0	60.00	60.00	01.66	12.21	60.00	0	1	0	60.00	2.811	1	0	0	0	0	0	0
10	5	0	0	60.00	60.00	02.75	60.00	60.00	0	0	0	60.00	2.946	1	0	0	0	0	0	0
0	6	0	0	60.00	60.00	05.78	08.68	60.00	0	1	0	60.00	4.128	1	0	1	0	0	0	0
1	6	0	1	60.00	60.00	04.25	09.58	60.00	0	1	0	60.00	4.181	1	0	0	0	0	0	0
2	6	0	1	45.16	60.00	01.72	9.58	60.00	0	1	0	60.00	4.237	1	0	1	0	0	0	0
3	6	0	1	60.00	60.00	01.78	15.22	60.00	0	1	0	60.00	4.012	1	0	1	1	0	0	0
4	6	0	0	60.00	60.00	01.59	48.52	60.00	0	1	0	60.00	4.759	1	0	0	0	0	0	0
5	6	0	1	60.00	60.00	03.13	44.92	60.00	0	1	0	60.00	4.090	1	0	1	0	0	0	0
6	6	0	0	60.00	60.00	01.28	22.58	60.00	0	1	0	60.00	4.330	1	0	0	0	0	0	0
7	6	0	0	60.00	60.00	00.60	07.65	60.00	0	0	0	60.00	3.605	1	0	0	0	0	0	0
8	6	0	0	53.97	60.00	03.47	09.33	60.00	0	1	0	60.00	3.165	1	0	1	0	0	0	0
9	6	0	0	60.00	60.00	01.16	06.77	60.00	0	1	0	60.00	3.115	1	0	0	0	0	0	0
10	6	0	0	52.91	60.00	02.81	04.64	60.00	0	0	0	60.00	3.321	1	0	1	0	0	0	0
0	7	1	0	60.00	60.00	01.12	60.00	60.00	0	0	0	02.57	4.662	1	0	1	0	0	0	0
1	7	1	0	60.00	60.00	00.94	60.00	60.00	0	0	0	03.81	4.612	1	0	0	0	0	0	0
2	7	1	0	39.50	60.00	01.28	60.00	60.00	0	0	0	05.49	4.872	1	0	1	0	0	0	0
3	7	1	0	60.00	60.00	01.34	07.24	60.00	0	0	0	02.35	4.638	1	0	1	1	0	0	0
4	7	1	0	52.30	60.00	01.09	60.00	60.00	0	0	0	03.40	5.358	1	0	0	0	0	0	0
5	7	1	0	06.02	11.69	01.53	60.00	60.00	0	0	0	15.71	4.537	1	0	1	1	0	0	0
6	7	1	0	60.00	60.00	00.93	04.41	60.00	0	1	0	02.56	4.689	1	0	0	0	0	0	0
7	7	1	0	60.00	60.00	00.91	20.59	60.00	0	0	0	01.75	4.117	1	0	0	0	0	0	0
8	7	1	0	60.00	60.00	01.94	06.49	60.00	0	0	0	05.53	3.678	1	0	1	0	0	0	0
9	7	1	0	60.00	60.00	01.10	60.00	60.00	0	0	0	02.50	3.656	1	0	0	0	0	0	0
10	7	1	0	60.00	60.00	02.57	03.28	60.00	0	1	0	04.00	3.773	1	0	1	0	0	0	0
0	8	1	1	60.00	60.00	0.96	04.93	60.00	0	1	0	0.87	5.160	1	0	1	0	0	0	0
1	8	1	0	60.00	60.00	00.75	05.39	60.00	0	1	0	02.50	5.026	1	0	0	0	0	0	0
2	8	1	0	60.00	60.00	01.44	60.00	60.00	0	0	0	07.00	5.419	1	0	1	0	0	0	0
3	8	1	1	60.00	60.00	01.31	09.86	60.00	0	0	0	03.16	4.984	1	0	1	1	0	0	0
4	8	1	1	60.00	60.00	00.97	10.08	60.00	0	0	0	01.53	5.766	1	0	0	0	0	0	0
5	8	1	0	60.00	60.00	01.94	60.00	60.00	0	0	0	01.94	4.987	1	0	1	1	0	0	0
6	8	1	0	60.00	60.00	00.87	07.99	60.00	0	1	0	00.62	5.365	1	0	0	0	0	0	0
7	8	1	1	60.00	60.00	01.16	27.30	60.00	0	0	0	01.68	4.529	1	0	0	0	0	0	0
8	8	1	0	60.00	60.00	00.97	60.00	60.00	0	1	0	05.04	4.064	1	0	1	0	0	0	0
9	8	1	1	15.08	30.06	01.97	06.90	60.00	0	1	0	02.21	4.031	1	0	0	0	0	0	0
10	8	1	0	60.00	60.00	00.62	23.46	60.00	0	1	0	01.60	4.127	1	0	1	0	0	0	0
0	9	1	1	60.00	60.00	01.03	07.59	60.00	0	0	0	02.53	5.668	1	0	1	0	0	0	0
1	9	1	1	60.00	60.00	01.25	06.92	60.00	0	0	0	01.44	5.694	1	0	0	0	0	0	0
2	9	1	1	60.00	60.00	00.75	60.00	60.00	0	1	0	03.12	6.013	1	0	1	0	0	0	1
3	9	1	1	60.00	60.00	00.88	04.69	60.00	0	0	0	07.30	5.434	1	0	1	1	0	0	1
4	9	1	1	60.00	60.00	01.03	06.20	60.00	0	0	0	11.84	6.401	1	0	0	0	0	0	1
5	9	1	1	60.00	60.00	01.28	07.81	60.00	0	0	1	09.60	5.615	1	0	1	1	0	0	0
6	9	1	1	60.00	60.00	01.47	60.00	60.00	0	0	0	14.50	5.738	1	0	0	0	0	0	1
7	9	1	1	60.00	60.00	01.26	03.32	12.56	0	0	0	12.50	4.892	1	0	0	0	0	0	0
8	9	1	1	60.00	60.00	01.31	54.31	60.00	0	0	0	02.05	4.402	1	0	0	0	0	0	1
9	9	1	1	60.00	60.00	02.21	02.50	60.00	0	0	0	05.90	4.340	1	0	1	0	0	0	1
10	9	1	1	60.00	60.00	05.19	4.10	60.00	0	0	0	03.34	4.500	1	0	1	0	0	0	0
0	10	1	1	60.00	60.00	0.75	60.00	60.00	0	1	1	04.91	6.103	1	0	1	0	0	0	1
1	10	1	1	60.00	60.00	0.47	0.43	60.00	0	1	0	06.08	6.106	1	0	0	0	0	0	1
2	10	1	1	34.65	37.52	0.62	04.49	60.00	0	1	0	08.75	6.497	1	0	1	1	0	0	1
3	10	1	1	13.47	60.00	0.94	05.20	60.00	0	1	1	12.63	5.972	1	0	1	1	0	0	1
4	10	1	1	03.02	10.45	0.65	10.37	32.22	0	1	0	02.63	7.025	1	0	1	1	0	0	1
5	10	1	1	35.82	60.00	0.94	1.86	60.00	0	1	1	05.18	6.124	1	0	1	1	0	0	1
6	10	1	1	09.05	19.00	0.78	04.46	12.03	0	1	1	02.50	7.024	1	0	1	1	0	0	1
7	10	1	1	13.09	20.93	01.07	05.08	60.00	0	1	0	02.81	5.047	1	0	1	1	0	0	1
8	10	1	1	14.87	60.00	0.75	4.80	60.00	0	1	0	01.38	4.680	1	0	1	0	0	0	1
9	10	1	1	20.52	49.73	0.84	5.52	17.03	0	1	0	01.71	4.594	1	0	1	1	0	0	1
10	10	1	1	08.56	14.06	01.90	60.00	60.00	0	1	0	22.81	4.620	1	0	1	1	0	0	0
0	11	1	1	04.24	07.90	00.98	60.00	60.00	0	1	1	02.16	6.546	1	0	1	1	0	0	1
1	11	1	1	10.92	12.75	00.54	02.94	19.60	0	1	1	04.59	6.398	1	0	1	1	0	0	1
2	11	1	1	7.11	11.31	00.54	04.61	60.00	0	1	1	17.47	6.995	1	0	1	1	1	1	1
3	11	1	1	08.56	26.16	00.50	04.64	21.56	0	1	1	10.28	6.312	1	0	1	1	1	0	1
4	11	1	1	07.06	11.50	00.66	04.86	60.00	0	1	0	05.06	7.349	1	0	1	1	1	0	1
5	11	1	1	03.21	06.44	00.85	03.64	60.00	0	1	1	05.34	6.537	1	0	1	1	1	0	1
6	11	1	1	02.97	04.94	00.94	10.35	14.69	0	1	1	11.06	6.717	1	0	1	1	1	0	1
7	11	1	1	05.60	08.07	00.69	04.86	58.44	0	1	0	09.18	5.197	1	0	1	1	1	1	1
8	11	1	1	05.39	20.77	00.59	06.15	60.00	0	1	0	03.00	4.815	1	0	1	1	1	0	1
9	11	1	1	08.93	13.22	00.84	03.24	60.00	0	1	0	02.90	4.794	1	0	1	1	0	0	1
10	11	1	1	01.50	02.93	00.29	02.05	33.50	0	1	0	01.97	4.751	1	0	1	1	0	0	1
0	12	1	1	10.46	15.63	00.63	06.36	60.00	0	1	1	04.53	6.946	1	0	1	1	1	1	1
1	12	1	1	12.17	40.84	00.94	05.43	60.00	0	1	1	04.63	7.003	1	0	1	1	1	1	1
2	12	1	1	05.49	07.60	00.47	02.48	60.00	0	1	1	01.34	7.298	1	0	1	1	1	1	1
3	12	1	1	16.37	37.25	00.69	02.83	60.00	1	1	1	06.81	6.753	1	0	1	1	1	1	1
4	12	1	1	06.15	10.57	00.44	07.95	60.00	1	1	1	07.88	7.595	1	0	1	1	1	1	1
5	12	1	1	01.55	04.04	00.58	02.36	17.56	0	1	1	02.15	6.896	1	0	1	1	1	1	1
6	12	1	1	13.24	17.88	00.56	05.49	60.00	0	1	1	21.84	7.059	1	0	1	1	1	1	1
7	12	1	1	08.37	20.91	00.63	04.20	60.00	0	1	0	05.16	5.296	1	0	1	1	1	1	1
8	12	1	1	07.19	14.84	00.84	04.57	60.00	0	1	0	06.19	4.968	1	0	1	1	1	0	1
9	12	1	1	05.15	10.45	00.75	07.59	19.69	0	1	0	04.37	4.877	1	0	1	1	1	0	1
10	12	1	1	2.36	16.90	00.53	04.23	60.00	0	1	1	07.38	4.992	1	0	1	1	1	1	1
0	13	1	1	01.68	05.38	00.66	07.36	60.00	1	1	1	06.59	7.308	1	0	1	1	1	1	1
1	13	1	1	01.15	05.02	00.35	01.59	14.69	1	1	1	00.94	6.882	1	0	1	1	1	1	1
2	13	1	1	02.01	07.32	00.31	02.21	60.00	1	1	1	05.44	7.658	1	0	1	1	1	1	1
3	13	1	1	09.27	14.81	00.66	05.27	20.87	1	1	1	10.72	7.729	1	0	1	1	1	1	1
4	13	1	1	02.21	05.31	00.52	12.15	60.00	1	1	1	04.85	8.174	1	0	1	1	1	1	1
5	13	1	1	04.74	05.78	00.47	03.17	13.50	1	1	1	12.57	7.234	1	0	1	1	1	1	1
6	13	1	1	02.58	03.35	00.35	03.49	60.00	1	1	1	04.22	7.556	1	0	1	1	1	1	1
7	13	1	1	17.05	20.94	00.40	03.65	07.60	1	1	1	10.75	5.437	1	0	1	1	1	1	1
8	13	1	1	03.93	08.78	00.28	01.95	13.12	0	1	1	09.71	5.142	1	0	1	1	1	1	1
9	13	1	1	22.61	24.81	00.28	06.52	26.47	0	1	1	05.59	4.943	1	0	1	1	1	1	1
10	13	1	1	04.33	07.56	01.10	02.05	60.00	0	1	1	09.34	5.122	1	0	1	1	1	1	1
0	14	1	1	00.33	01.56	00.25	02.46	60.00	1	1	1	06.94	7.508	1	0	1	1	1	1	1
1	14	1	1	15.93	17.13	00.65	02.34	60.00	1	1	1	01.70	7.109	1	0	1	1	1	1	1
2	14	1	1	01.90	04.81	00.53	04.11	60.00	1	1	1	04.54	7.805	1	0	1	1	1	1	1
3	14	1	1	15.08	17.16	00.35	07.11	60.00	1	1	1	25.22	7.334	1	0	1	1	1	1	1
4	14	1	1	01.18	01.91	00.32	02.74	05.50	1	1	1	07.35	8.382	1	0	1	1	1	1	1
5	14	1	1	01.05	01.93	00.66	02.15	03.47	1	1	1	12.78	7.565	1	0	1	1	1	1	1
6	14	1	1	04.07	08.50	00.56	04.45	26.96	1	1	1	11.60	7.828	1	0	1	1	1	1	1
7	14	1	1	06.47	10.14	00.44	02.34	05.48	1	1	1	19.75	5.941	1	0	1	1	1	1	1
8	14	1	1	02.99	07.88	00.19	03.43	09.68	1	1	1	07.12	5.087	1	0	1	1	1	1	1
9	14	1	1	02.71	05.49	00.25	02.37	60.00	1	1	1	07.41	4.901	1	0	1	1	1	1	1
10	14	1	1	12.29	15.09	00.22	11.52	60.00	1	1	1	12.47	5.136	1	0	1	1	1	1	1
0	15	1	1	01.78	03.60	00.22	60.00	60.00	1	1	1	05.05	7.473	1	1	1	1	1	1	1
1	15	1	1	01.99	03.78	00.38	06.21	60.00	1	1	1	02.66	7.076	1	1	1	1	1	1	1
2	15	1	1	02.52	04.78	00.40	60.00	60.00	1	1	1	13.09	7.883	1	1	1	1	1	1	1
3	15	1	1	07.23	08.62	00.25	06.98	12.50	1	1	1	30.12	7.270	1	1	1	1	1	1	1
4	15	1	1	00.86	04.43	00.38	60.00	60.00	1	1	1	04.38	8.425	1	1	1	1	1	1	1
5	15	1	1	01.55	04.19	00.32	60.00	60.00	1	1	1	05.03	7.647	1	1	1	1	1	1	1
6	15	1	1	02.87	03.88	00.32	04.89	60.00	1	1	1	10.94	7.782	1	0	1	1	1	1	1
7	15	1	1	03.96	07.03	00.34	07.93	18.97	1	1	1	07.88	5.540	1	1	1	1	1	1	1
8	15	1	1	04.18	07.07	00.35	04.80	13.00	1	1	1	08.12	5.344	1	1	1	1	1	1	1
9	15	1	1	01.27	08.44	00.34	07.11	60.00	1	1	1	07.10	4.840	1	1	1	1	1	1	1
10	15	1	1	01.49	03.06	00.28	04.39	17.78	1	1	1	11.50	5.239	1	0	1	1	1	1	1
0	16	1	1	02.58	03.27	00.19	60.00	60.00	1	1	1	03.84	7.284	1	1	1	1	1	1	1
1	16	1	1	01.27	02.86	00.28	60.00	60.00	1	1	1	25.15	6.820	1	1	1	1	1	1	1
2	16	1	1	02.05	07.62	00.22	60.00	60.00	1	1	1	08.46	7.638	1	1	1	1	1	1	1
3	16	1	1	00.59	02.41	00.50	03.33	05.48	1	1	1	33.22	6.799	1	1	1	1	1	1	1
4	16	1	1	00.68	01.58	00.43	60.00	60.00	1	1	1	36.40	8.275	1	1	1	1	1	1	1
5	16	1	1	03.55	05.88	00.44	04.56	60.00	1	1	1	13.37	7.417	1	1	1	1	1	1	1
6	16	1	1	00.78	01.49	00.22	60.00	60.00	1	1	1	07.28	7.561	1	0	1	1	1	1	1
7	16	1	1	01.39	05.48	00.22	04.30	06.25	1	1	1	07.96	5.518	1	1	1	1	1	1	1
8	16	1	1	02.48	05.09	00.38	06.38	09.25	1	1	1	43.75	5.430	1	1	1	1	1	1	1
9	16	1	1	04.63	05.52	00.27	03.24	60.0	1	1	1	05.19	4.750	1	1	1	1	1	1	1
10	16	1	1	07.18	17.54	00.38	05.67	60.0	1	1	1	08.82	5.151	1	0	1	1	1	1	1
0	17	1	1	12.18	12.91	00.34	04.58	60.00	1	1	1	05.61	7.046	1	1	1	1	1	1	1
1	17	1	1	01.09	01.44	01.09	08.98	60.00	1	1	1	11.81	6.459	1	1	1	1	1	1	1
2	17	1	1	06.87	07.16	00.03	60.00	60.00	1	1	1	06.71	7.703	1	1	1	1	1	1	1
3	17	1	1	01.12	01.88	00.22	08.92	60.00	1	1	1	25.00	7.632	1	1	1	1	1	1	1
4	17	1	1	00.47	01.53	00.47	60.00	60.00	1	1	1	19.84	8.150	1	1	1	1	1	1	1
5	17	1	1	01.56	03.84	00.22	04.61	60.00	1	1	1	29.50	7.143	1	1	1	1	1	1	1
6	17	1	1	02.83	03.37	00.40	60.00	60.00	1	1	1	21.18	7.340	1	1	1	1	1	1	1
7	17	1	1	09.58	11.93	01.11	03.24	05.79	1	1	1	60.00	5.556	1	1	1	1	1	1	1
8	17	1	1	55.89	56.90	00.50	60.00	60.00	1	1	1	09.69	5.500	1	1	1	1	1	1	1
9	17	1	1	03.43	04.69	00.60	05.21	09.38	1	1	1	28.74	4.724	1	1	1	1	1	1	1
10	17	1	1	56.99	60.00	00.91	02.18	17.41	1	1	1	06.60	5.284	1	1	1	1	1	1	1
0	18	1	1	07.20	09.87	00.58	02.98	60.00	1	1	1	17.30	6.857	1	1	1	1	1	1	1
1	18	1	1	02.43	04.44	00.40	60.00	60.00	1	1	1	31.91	6.581	1	1	1	1	1	1	1
2	18	1	1	13.08	19.94	00.53	60.00	60.00	1	1	1	12.91	7.667	1	1	1	1	1	1	1
3	18	1	1	36.65	38.22	00.73	08.18	60.00	1	1	1	36.40	6.849	1	1	1	1	1	1	1
4	18	1	1	60.00	60.00	00.77	60.00	60.00	1	1	1	60.00	8.272	1	1	1	1	1	1	1
5	18	1	1	01.24	02.13	00.64	02.27	60.00	1	1	1	04.85	7.151	1	1	1	1	1	1	1
6	18	1	1	02.68	03.84	00.80	60.00	60.00	1	1	1	39.77	7.547	1	1	1	1	1	1	1
7	18	1	1	09.55	11.57	00.53	02.12	60.00	1	1	1	60.00	5.707	1	1	1	1	1	1	1
8	18	1	1	01.02	01.97	00.53	06.95	60.00	1	1	1	36.34	5.674	1	1	1	1	1	1	1
9	18	1	1	60.00	60.00	00.35	05.34	60.00	1	1	1	03.60	4.752	1	1	1	1	1	1	1
10	18	1	1	20.24	25.66	00.31	60.00	60.00	1	1	1	07.12	5.281	1	1	1	1	1	1	1
0	19	1	1	06.77	08.06	00.25	60.00	60.00	1	1	1	27.94	6.805	1	1	1	1	1	1	1
1	19	1	1	02.02	04.16	00.22	07.87	60.00	1	1	1	25.78	6.434	1	1	1	1	1	1	1
2	19	1	1	51.30	51.65	00.38	05.89	20.44	1	1	1	56.19	7.783	1	1	1	1	1	1	1
3	19	1	1	02.23	03.56	00.22	16.45	60.00	1	1	1	45.25	6.763	1	1	1	1	1	1	1
4	19	1	1	02.62	14.16	00.22	60.00	60.00	1	1	1	21.40	8.296	1	1	1	1	1	1	1
5	19	1	1	01.55	06.34	00.35	60.00	60.00	1	1	1	11.53	7.221	1	1	1	1	1	1	1
6	19	1	1	00.92	01.93	00.34	12.20	18.65	1	1	1	15.19	7.390	1	1	1	1	1	1	1
7	19	1	1	11.18	13.31	00.25	02.92	60.00	1	1	1	60.00	5.957	1	1	1	1	1	1	1
8	19	1	1	01.36	04.47	00.36	60.00	60.00	1	1	1	32.62	5.766	1	1	1	1	1	1	1
9	19	1	1	55.36	60.00	00.32	02.08	60.00	1	1	1	03.54	4.741	1	1	1	1	1	1	1
10	19	1	1	19.46	22.19	00.35	60.00	60.00	1	1	1	09.94	5.676	1	1	1	1	1	1	1
0	20	1	1	14.49	18.19	00.26	60.00	60.00	1	1	1	17.85	7.198	1	1	1	1	1	1	1
1	20	1	1	17.80	24.75	00.32	05.20	60.00	1	1	1	16.55	6.447	1	1	1	1	1	1	1
2	20	1	1	33.02	60.00	00.22	11.05	60.00	1	1	1	43.28	7.881	1	1	1	1	1	1	1
3	20	1	1	18.08	60.00	00.16	05.21	60.00	1	1	1	60.00	6.921	1	1	1	1	1	1	1
4	20	1	1	60.00	60.00	00.17	60.00	60.00	1	1	1	60.00	8.515	1	1	1	1	1	1	1
5	20	1	1	60.00	60.00	00.30	03.84	60.00	1	1	1	04.97	7.333	1	1	1	1	1	1	1
6	20	1	1	11.77	15.59	00.14	60.00	60.00	1	1	1	21.78	7.589	1	1	1	1	1	1	1
7	20	1	1	03.30	05.00	00.21	04.89	09.12	1	1	1	46.91	6.083	1	1	1	1	1	1	1
8	20	1	1	03.67	06.40	00.19	60.00	60.00	1	1	1	24.03	5.901	1	1	1	1	1	1	1
9	20	1	1	21.09	60.00	00.15	60.00	60.00	1	1	1	05.59	4.621	1	1	1	1	1	1	1
10	20	1	1	55.65	60.00	00.23	60.00	60.00	1	1	1	22.29	5.503	1	1	1	1	1	1	1
0	21	1	1	04.05	09.31	0.16	17.49	60.00	1	1	1	60.00	6.929	1	1	1	1	1	1	1
1	21	1	1	12.93	14.41	0.23	60.00	60.00	1	1	1	24.82	6.616	1	1	1	1	1	1	1
2	21	1	1	08.58	11.25	0.14	05.81	60.00	1	1	1	36.57	8.202	1	1	1	1	1	1	1
3	21	1	1	60.00	60.00	0.32	08.93	60.00	1	1	1	60.00	7.048	1	1	1	1	1	1	1
4	21	1	1	60.00	60.00	0.25	60.00	60.00	1	1	1	60.00	8.844	1	1	1	1	1	1	1
5	21	1	1	60.00	60.00	0.22	60.00	60.00	1	1	1	23.82	7.594	1	1	1	1	1	1	1
6	21	1	1	60.00	60.00	0.31	60.00	60.00	1	1	1	60.00	8.048	1	1	1	1	1	1	1
7	21	1	1	00.73	0.210	0.21	04.92	07.25	1	1	1	17.32	6.650	1	1	1	1	1	1	1
8	21	1	1	01.77	03.75	0.34	60.00	60.00	1	1	1	24.65	6.00	1	1	1	1	1	1	1
9	21	1	1	00.61	01.75	0.13	60.00	60.00	1	1	1	03.82	4.676	1	1	1	1	1	1	1
10	21	1	1	60.00	60.00	0.22	05.02	60.00	1	1	1	32.75	5.966	1	1	1	1	1	1	1
